The dimensions of prob are 21  21
The dimensions of grid are 1  21
     1

    0.4373

    0.2763

    0.1986

    0.1507

    0.1173

    0.0920

    0.0720

    0.0557

    0.0428

    0.0327

    0.0249

    0.0191

    0.0146

    0.0112

    0.0086

    0.0065

    0.0049

    0.0037

    0.0028

    0.0020

    0.0015

    0.0011

   7.5347e-04

   5.2416e-04

   3.5831e-04

   2.4048e-04

   1.5836e-04

   1.0230e-04

   6.4817e-05

